100,20,30,45,23,999,23,100,988,654,328,10,12,76,13,700,345,23,786,340,101,453,555,11,34,65,99,64,83,883,225,775,888,1002,2222
*** Mezcla 1 ***
100,30,20,999,45,23,23,988,654,328,100,10,76,13,12,786,700,345,340,101,23,555,453,11,65,34,99,83,64,883,775,225,1002,888,2222
*** Mezcla 2 ***
999,100,45,30,23,23,20,988,654,328,100,76,13,12,10,786,700,555,453,345,340,101,23,11,99,83,65,64,34,1002,888,883,775,225,2222
*** Mezcla 3 ***
999,988,654,328,100,100,76,45,30,23,23,20,13,12,10,786,700,555,453,345,340,101,99,83,65,64,34,23,11,2222,1002,888,883,775,225
*** Mezcla 4 ***
999,988,786,700,654,555,453,345,340,328,101,100,100,99,83,76,65,64,45,34,30,23,23,23,20,13,12,11,10,2222,1002,888,883,775,225
*** Mezcla 5 ***
2222,1002,999,988,888,883,786,775,700,654,555,453,345,340,328,225,101,100,100,99,83,76,65,64,45,34,30,23,23,23,20,13,12,11,10
*** Lista Ordenada ***
2222,1002,999,988,888,883,786,775,700,654,555,453,345,340,328,225,101,100,100,99,83,76,65,64,45,34,30,23,23,23,20,13,12,11,10