



94410,
999,99,
999,99,
988,999,

10,20,30,100,100,340,700,
1002,101,100,100,700,
99,83,76,65,64,45,34,30,23,23,23,20,13,12,11,10,1002,
999,988,888,883,786,775,700,654,555,453,345,340,328,225,101,100,100,99,83,76,65,64,45,34,30,23,23,23,20,13,12,11,10,
99,999,
99,999,
988,999,

700,340,100,100,30,20,10,
1002,101,700,100,100,
99,83,76,65,64,45,34,30,23,23,23,20,13,12,11,10,1002,
999,988,888,883,786,775,700,654,555,453,345,340,328,225,101,100,100,99,83,76,65,64,45,34,30,23,23,23,20,13,12,11,10,
100,20,30,100,10,700,340,
1002,101,100,100,700,
99,83,76,65,64,45,34,30,23,23,23,20,13,12,11,10,1002,
999,988,888,883,786,775,700,654,555,453,345,340,328,225,101,100,100,99,83,76,65,64,45,34,30,23,23,23,20,13,12,11,10,
