94410,
8301,3,
3,24,43,
3,24,43,116,123,
3,24,43,116,123,1333,4242,8301,
100,20,30,100,10,700,340,
100,100,700,101,1002,
1002,10,11,12,13,20,23,23,23,30,34,45,64,65,76,83,99,
10,11,12,13,20,23,23,23,30,34,45,64,65,76,83,99,100,100,101,225,328,340,345,453,555,654,700,775,786,883,888,988,999,
99,999,
99,999,
999,988,

10,20,30,100,100,340,700,
100,100,700,101,1002,
1002,10,11,12,13,20,23,23,23,30,34,45,64,65,76,83,99,
10,11,12,13,20,23,23,23,30,34,45,64,65,76,83,99,100,100,101,225,328,340,345,453,555,654,700,775,786,883,888,988,999,
999,99,
999,99,
999,988,

999,99,
999,99,
999,988,

